Alive server list: LCC,MIT,OXFORD,NKFUST,BL,USTL,LNU,HKSYU,
Failed server list: CAMBRI,
954925388214,,00084840,,17547121,
110978977739743,,00853224,,22008624,
110978978951820,,03039714,,
110978979595975,,11803991,,19235291,
110978979785999,,13152378,,
991042728137412,,15396754,,
991042735614824,,1499321X,,14993228,
991042739182842,,1192490X,,
1000000000210386,,14432102,,
1000000000278776,,1745641X,,17456428,
1000000000278804,,17502217,,17502225,
1000000000287312,,16482603,,20292872,
1000000000328904,,15658996,,
1000000000378805,,16795377,,
1000000000379385,,13047310,,
1000000000394248,,1743453X,,20537840,
1000000000405296,,,1842773321,184277333X,1848136471,1780327714,9786611258795,1849727341,1281258792,1848130619,
1000000000406397,,,1842778676,1842778684,1848137834,9786611258900,1281258903,184813083X,
1000000000423604,,16621387,,
1000000000475870,,,0465017487,0465012078,142948554X,
1000000000526547,,13226916,,22024832,
1000000000577432,,15824969,,
1000000000697735,,,9757341398,
1000000000712329,,,981230696X,9812303731,9812303723,
1000000000712330,,,9812307192,9812304428,9812304320,
1000000000728394,,,082046242X,
1000000000759923,,,082043938X,
1000000000772642,,09738509,,
1000000000772646,,13070207,,
1000000000772648,,16821246,,
1000000000772649,,17364949,,
1000000000772691,,,0820463043,
1000000000772709,,,0820476447,
1000000000772713,,,1932728589,
1000000000772729,,,0820478881,
1000000000772732,,,9812304517,9812307257,
1000000000772744,,,9812307362,9812307370,
1000000000772748,,,9812308962,9812308970,
1000000000772751,,,8479088265,9786612575297,1441646191,1282575295,
1000000000772756,,,0820458171,
1000000000772811,,,0813524490,
1000000000773301,,,098030525X,0980666562,
1000000000800294,,15162664,,21769176,
1000000000810701,,19219229,,
2320000000009528,,15518094,,
2430000000040985,,,9812309489,9812309462,9812309470,
2430000000040999,,,981230925X,9812309330,
2430000000041048,,,9812309020,9812309802,9812309039,
2430000000041071,,,9812308989,9812308997,
2430000000041108,,,9812303561,9812303553,9812305602,
2430000000041136,,,9812307729,9812307702,9812307710,
2430000000041138,,,9812307834,9812307842,
2430000000041143,,,9812308091,9812308083,9812308105,
2430000000041155,,,9812308784,9812308776,9812309225,
2430000000041156,,,9812308857,9812308865,
2430000000041158,,,9789812308890,
2550000000020441,,19185472,,
2550000000020443,,19926707,,
2550000000020444,,18646492,,
2550000000020448,,13048864,,
2550000000028089,,17935342,,
2550000000028090,,13088432,,
2550000001237010,,19878052,,
2560000000014421,,,8479086858,9786612574825,1441647988,1282574825,
2560000000016886,,15046907,,
2560000000075092,,21617260,,21617287,
2560000000077160,,21630798,,
2560000000258946,,22271686,,
2560000000325008,,,1876924527,
2560000000325038,,,9812308113,
2560000000338134,,18041302,,18038220,
2560000000338605,,15189368,,
2560000000338607,,17184835,,
2560000000338608,,2147544X,,
2560000000338609,,23073993,,
2660000000009944,,13090593,,
2670000000008725,,15815374,,1855363X,
2670000000107970,,,9812307907,9812307893,9812307915,
2670000000112851,,,9814279250,9814279382,
2670000000140832,,18480357,,
2670000000140833,,13097008,,
2670000000140834,,13091557,,
2670000000156090,,18031757,,18053769,
2670000000156100,,21461988,,
2670000000159076,,2073509X,,
2670000000187858,,22512403,,22512411,
2670000000416886,,23311223,,
2670000000488474,,23004584,,
2670000000513349,,22310924,,
2670000000554382,,23333219,,
2670000000566874,,21471371,,
3130000000000239,,2042891X,,20428928,
3160000000000053,,,0889752419,
3190000000020748,,18416098,,
3190000000020760,,20290225,,23357185,
3360000000003923,,,1584874082,
3370000000000503,,21467757,,
3420000000002498,,23329416,,
3420000000002499,,13031260,,
3710000000385521,,2056564X,,20565658,
3710000000385522,,20565674,,20565682,
3710000000413502,,22271694,,
3710000000610089,,24518913,,24518921,
3710000000656639,,20299923,,
3710000000848859,,18638783,,23664177,
3720000000017522,,03926753,,
3720000000017523,,13059971,,
3720000000017524,,1309212X,,
3720000000017525,,13091034,,
3720000000017526,,13386530,,
3720000000017528,,22271538,,
3720000000017529,,22808949,,
3720000000037940,,18180566,,23125128,
3780000000078864,,23928298,,
3780000000094020,,,9042015624,
9870000000000753,,21777314,,
