Alive server list: LCC,MIT,OXFORD,BL,USTL,HKSYU,
Failed server list: CAMBRI,NKFUST,LNU,
954921356387,,00315737,,21644918,
954925268298,,02667363,,14695839,
962824838001,,00027049,,19433697,
963017917424,,00205249,,21686300,
963018031572,,01633570,,19305699,
963018051613,,01975587,,
963018123785,,07360592,,
963018147842,,08159602,,
963018298211,,10835970,,
963018298212,,10840168,,
110975507367646,,08198101,,
110975946727649,,13281933,,
110976725600804,,00446726,,18379958,
110978966561820,,08896488,,
110978966563748,,15263584,,
110978977282564,,00296422,,20599358,
110978978557753,,14639807,,
110978978734773,,01571826,,
110978979266164,,08491089,,19168659,
110978979272000,,1183322X,,
110978984074501,,0196061X,,
110978984079305,,10492828,,
110978984081979,,1350293X,,17521807,
110978984249198,,07908040,,
110978984249312,,08194564,,18394809,
110978984352143,,13664530,,17475120,
110978984445437,,10943277,,
110978984570051,,15234320,,
110992303123000,,14923831,,
110993820502012,,13510886,,
110994177251098,,00475785,,
111021054329002,,08903174,,
111022263040002,,14637073,,17419867,
111053608909020,,1474273X,,20400896,
111056648143154,,15444031,,21540551,
111056756953006,,14481324,,18392830,
111064864668000,,14403455,,
111076342845084,,10064133,,
991042735601822,,14984733,,
991042735667726,,17023874,,
991042737647206,,08408114,,
991042739038556,,08337519,,
991042739201198,,11935820,,
991042752662780,,10913610,,
991042752685296,,19395256,,10928235,
991042752767738,,10985166,,19437552,
1000000000017176,SCHOOLOTHER,14493098,,14495554,
1000000000045948,,10237267,,25228560,
1000000000108431,,,8970854223,
1000000000210423,,13238086,,
1000000000210424,,14402971,,
1000000000223952,,13241486,,
1000000000241458,,1005538X,,
1000000000256367,,14479494,,14479540,
1000000000275284,,1433769X,,
1000000000275806,,1450104X,,
1000000000277339,,14666529,,20452713,
1000000000277376,,05152542,,
1000000000277827,,01107801,,
1000000000277828,,0112403X,,
1000000000277829,,01137867,,
1000000000277834,,10198725,,
1000000000277835,,11711353,,
1000000000277837,,11759240,,
1000000000277838,,13004832,,
1000000000277839,,13005340,,
1000000000277840,,1302597X,,
1000000000277841,,13036475,,
1000000000277842,,13038451,,
1000000000277843,,1303880X,,
1000000000277847,,13925369,,
1000000000277848,,14605945,,
1000000000277855,,15594440,,
1000000000277937,,23283343,,23797762,
1000000000280355,,00131156,,
1000000000280801,,07172141,,
1000000000289451,,,1429800364,
1000000000291736,,1392639X,,
1000000000291745,,,0864314221,
1000000000291746,,,0864315023,
1000000000291764,,,1864320265,
1000000000291765,,,1883604117,
1000000000293280,,14480220,,
1000000000300904,,1714597X,,
1000000000315931,,19345747,,19345739,
1000000000328735,,17536162,,
1000000000328804,,14883333,,
1000000000330137,,16705548,,16707524,
1000000000378346,,13019058,,
1000000000378348,,13458353,,
1000000000378349,,18227864,,
1000000000429190,,19131925,,22916954,
1000000000435879,,19170564,,
1000000000435930,,19448929,,
1000000000440274,,19437943,,19437935,
1000000000441511,,15283534,,
1000000000446405,,,0203633024,
1000000000475868,,,0813365694,1429489413,
1000000000475905,,,0738203653,1429493712,
1000000000475915,,,0738204269,1429493771,
1000000000475916,,,0738204358,0738211931,142949381X,
1000000000475934,,,0738205680,0738212067,1429494085,
1000000000475953,,,0738206180,142949462X,
1000000000476032,,,0813328640,1429491469,
1000000000476107,,,0813366518,1429487879,
1000000000476173,,,0813391024,0429966318,1429486449,
1000000000476185,,,0813391385,1429486813,
1000000000476188,,,0813366291,0429496621,1435601270,
1000000000495982,,1996773X,,
1000000000579886,,19444478,,19444486,
1000000000717354,,,0864317212,
1000000000717355,,,0864314418,
1000000000717356,,,0864316259,
1000000000717357,,,0864317921,
1000000000717358,,,0864312733,
1000000000717359,,,0864313292,
1000000000717360,,,0864317131,
1000000000717361,,,0864313284,
1000000000717362,,,0864314965,
1000000000717363,,,0864313241,
1000000000717364,,,0864313144,
1000000000717365,,,0864314809,
1000000000717366,,,086431793X,
1000000000717367,,,0864314981,
1000000000717368,,,0864314884,
1000000000717369,,,0864313667,
1000000000717370,,,0864314329,
1000000000717372,,,0864313748,
1000000000717373,,,086431289X,
1000000000717374,,,086431275X,
1000000000717375,,,0864312768,
1000000000717376,,,0864312741,
1000000000717377,,,0864316011,
1000000000717378,,,0864313586,
1000000000717379,,,086431440X,
1000000000717380,,,086431308X,
1000000000717381,,,0864313071,
1000000000723404,,18131913,,
1000000000728236,,,0828320667,
1000000000728237,,,086431437X,
1000000000728238,,,0864314450,
1000000000728239,,,0864314523,
1000000000728240,,,0864314531,
1000000000728241,,,0864314604,
1000000000728242,,,086431485X,
1000000000728243,,,0864315090,
1000000000728247,,,080475523X,
1000000000728249,,,0820444294,
1000000000728277,,,1552660303,1459319699,
1000000000728278,,,1552660745,1459322606,
1000000000728279,,,1552660788,1459319974,
1000000000728294,,,1564842304,
1000000000728297,,,1876682280,
1000000000728298,,,1876682779,
1000000000728299,,,187668285X,
1000000000728300,,,1876682884,1922019143,
1000000000728302,,,1876920009,
1000000000728303,,,1921214058,
1000000000728304,,,1921214066,
1000000000728305,,,1930877226,
1000000000752366,,1323823X,,
1000000000753329,,,0820486957,
1000000000753343,,,1433101726,
1000000000753368,,,0820497452,
1000000000753372,,,1876682825,
1000000000753374,,,1433101114,
1000000000753394,,,1433102625,
1000000000753399,,,0820497045,
1000000000753428,,,0820481165,
1000000000753460,,,0820472697,
1000000000753472,,,0820457531,
1000000000753479,,,0820497312,
1000000000755114,,18334105,,22040552,
1000000000756754,,,0820479489,
1000000000756756,,,1933531401,
1000000000756760,,,0820488968,
1000000000756774,,,1433100363,
1000000000756799,,,0820457523,
1000000000756800,,,082044250X,
1000000000756805,,,1933531134,
1000000000756811,,,193353124X,1935155423,
1000000000756812,,,1933531037,1935155407,
1000000000759970,,19185227,,
1000000000780225,,19216092,,
1000000000791816,,21512612,,
1000000000800263,,09741801,,
1000000000815352,,1822119X,,
2320000000017732,,21567069,,21567077,
2320000000021198,,21592020,,21611505,
2430000000041159,,,9812309543,9812309535,9812309659,
2490000000000611,,18343198,,18344712,
2550000000016474,,0973662X,,
2550000000024418,,,1459360141,
2550000000027931,,17522560,,
2550000000027934,,14758660,,20507089,
2550000000027936,,16915895,,
2550000000027938,,18347258,,
2550000000027943,,17919312,,
2550000000027944,,17570441,,2051039X,
2550000000090544,,21662681,,
2560000000073399,,14547678,,
2560000000338134,,18041302,,18038220,
2580000000000077,,20091788,,
2670000000038799,,,8479086343,9786612574665,1441647686,1282574663,
2670000000038807,,,8479086750,9786612574795,1441647937,1282574795,
2670000000038822,,,8479087692,9786612575136,1441648380,1282575139,
2670000000046577,,13185160,,23504188,
2670000000046579,,18730388,,
2670000000046580,,19977034,,20711158,
2670000000046583,,13300059,,
2670000000046584,,07908695,,
2670000000046585,,2029431X,,
2670000000046586,,19180853,,
2670000000081571,,09731849,,22495320,
2670000000233337,,18397387,,
2670000000256548,,,078674216X,
2670000000256557,,,0786742178,
2670000000256585,,,0786742925,
2670000000395295,,17913721,,17928788,
2940000000001597,,21524491,,
3190000000082572,,20484151,,2048416X,
3360000000001133,,09684654,,
3410000000001891,,,8461221877,
3460000000100127,,,9780820467871,9780820481025,
3640000000008226,,,9786610401956,
3710000000228632,,18663451,,
3710000000980383,,22063110,,2522879X,
3780000000093936,,,1433101823,
4210000000000536,,,23659440,
4220000000000008,SCHOOLEL,22928588,,
